N=366
R=34
C=6
m=2.0000
class=6
112 61 72 49 52 20
type=0
X:
2 2 2 0 3 0 0 0 0 1 0 0 0 0 0 0 3 2 0 0 0 0 0 0 0 0 0 0 3 0 0 0 1 0 55
1 3 3 3 2 1 0 0 0 1 1 1 0 0 1 0 1 2 0 2 2 2 2 2 1 0 0 0 0 0 0 0 1 0 8
3 2 1 2 3 1 3 0 3 0 0 0 1 0 0 0 1 2 0 2 0 0 0 0 0 2 0 2 3 2 0 0 2 3 26
1 2 2 2 0 0 0 0 0 3 2 0 0 0 3 0 0 2 0 3 2 2 2 2 0 0 3 0 0 0 0 0 3 0 40
3 2 3 2 2 2 2 0 2 0 0 0 1 0 0 0 1 2 0 0 0 0 0 0 0 2 2 3 2 3 0 0 2 3 45
2 2 3 2 0 0 0 0 0 0 0 0 0 2 1 0 2 2 0 2 0 0 0 1 0 0 0 0 2 0 0 0 1 0 41
5 2 1 0 2 0 0 0 0 0 0 0 0 0 0 3 1 3 0 0 0 2 0 0 0 0 0 0 0 0 0 0 2 0 18
3 2 2 3 3 3 3 0 2 0 0 0 2 0 0 0 2 3 0 0 0 0 0 0 0 0 2 2 3 2 0 0 3 3 57
4 2 2 1 0 2 0 0 0 0 0 0 0 0 0 0 2 1 0 1 0 0 0 0 0 0 0 0 2 0 0 0 2 0 22
4 2 2 1 0 1 0 0 0 0 0 0 0 0 0 0 3 2 0 2 0 0 0 0 0 0 0 0 2 0 0 0 2 0 30
1 3 3 2 1 1 0 0 0 2 2 1 0 0 0 0 0 3 2 3 2 2 2 1 1 0 0 0 0 0 0 0 1 0 20
2 2 2 0 3 0 0 0 0 0 0 0 0 0 2 0 2 2 0 0 0 0 0 1 0 0 0 0 3 0 0 0 1 0 21
2 3 3 1 2 0 0 0 0 0 1 0 0 0 2 0 3 1 0 1 0 0 0 0 0 0 0 0 2 0 0 0 1 0 22
1 2 3 3 0 0 0 0 0 1 1 1 0 0 1 0 0 2 1 2 1 2 3 0 2 0 0 0 0 0 0 0 2 0 10
3 2 2 3 3 0 3 0 2 0 0 0 2 0 0 0 1 1 1 1 0 0 0 0 0 2 0 3 0 3 0 0 1 3 65
4 1 1 0 1 3 0 0 0 0 0 0 0 0 0 0 1 1 0 1 0 0 0 0 0 0 0 0 2 0 0 0 2 0 40
2 2 2 1 3 0 0 0 0 0 0 0 0 0 2 0 2 1 0 1 0 0 0 0 0 0 0 0 0 0 0 0 1 0 30
1 3 3 3 0 0 0 0 0 3 3 1 0 0 2 0 0 2 0 2 3 3 3 2 3 0 3 0 0 0 0 0 2 0 38
3 2 1 3 3 3 3 0 0 2 0 0 3 0 0 0 3 2 0 1 0 0 0 0 0 3 0 2 0 3 0 0 2 3 23
5 1 1 0 3 0 0 0 0 0 0 0 0 0 0 3 0 3 2 2 0 3 0 0 0 0 0 0 1 0 0 0 2 0 17
6 2 1 1 2 0 0 3 0 1 2 0 0 0 1 0 0 1 2 2 0 1 0 1 0 0 0 0 0 0 1 2 1 0 8
2 3 2 2 0 0 0 0 0 0 0 0 0 0 2 0 2 2 1 2 0 2 1 2 0 0 0 0 3 0 0 0 2 0 51
5 2 2 0 2 0 0 0 0 0 0 0 0 0 0 1 1 3 1 2 0 2 1 0 0 0 0 0 1 0 1 0 2 0 42
3 2 2 2 3 2 2 0 2 0 0 0 3 2 0 0 0 2 1 1 0 0 0 0 0 3 0 3 0 2 0 0 2 3 44
5 2 0 0 3 0 0 0 0 0 0 0 0 0 0 2 2 2 0 0 0 3 0 0 0 0 0 0 0 0 0 0 2 0 22
1 2 1 1 0 1 0 0 0 2 0 0 0 0 0 0 0 2 2 2 2 2 2 1 2 0 2 0 0 0 0 0 2 0 33
6 1 1 0 1 0 0 3 0 1 0 0 0 0 1 0 0 1 1 1 0 0 0 0 0 1 0 0 1 0 2 2 1 0 10
5 1 2 2 3 0 0 0 0 0 0 0 0 0 0 1 1 2 1 1 0 3 0 0 0 0 0 0 1 0 0 0 3 0 17
2 3 2 2 2 0 0 0 0 0 0 0 0 0 2 0 3 3 3 2 0 0 0 0 0 0 0 0 2 0 1 1 2 0 43
3 1 1 2 3 2 2 0 3 0 0 0 2 0 0 0 2 2 1 2 0 0 0 0 0 3 0 3 0 3 1 0 2 3 50
1 3 2 1 2 0 0 0 0 1 2 0 0 0 1 0 0 2 0 3 2 2 2 1 2 0 2 0 0 0 0 0 1 0 50
2 3 2 0 2 0 0 0 0 0 0 0 0 1 2 0 2 1 1 1 0 0 0 1 0 0 0 0 0 0 0 0 1 0 10
1 2 3 3 3 3 0 0 0 3 3 0 0 0 0 0 0 3 2 2 3 3 3 1 3 0 0 0 0 0 0 0 1 0 34
1 2 2 1 0 0 0 0 0 1 0 1 0 0 2 0 0 2 1 2 2 1 2 0 1 0 0 0 0 0 0 0 0 0 ?
4 2 1 0 0 2 0 0 0 0 0 0 0 0 0 0 2 1 1 1 0 0 0 0 0 0 0 0 0 0 0 0 0 0 ?
2 2 2 1 2 0 0 0 0 0 0 0 0 0 2 0 1 0 1 0 0 0 0 0 0 0 0 0 0 0 0 0 0 0 ?
3 2 1 2 3 2 3 0 2 0 0 1 1 0 0 0 2 1 1 2 0 0 0 0 0 1 0 2 0 2 0 0 0 3 ?
2 2 1 1 1 0 0 0 0 0 0 0 0 0 1 0 3 2 1 0 0 0 0 2 0 0 0 0 2 0 0 0 1 0 15
3 2 1 2 3 2 1 0 2 0 0 0 0 0 0 0 2 2 2 1 0 0 0 0 0 2 0 1 0 3 0 0 2 3 26
1 3 3 2 0 0 0 0 0 2 2 1 0 0 1 0 0 2 2 3 2 2 1 0 2 0 0 0 0 0 0 0 1 0 46
2 1 1 1 0 0 0 1 0 0 0 0 0 1 1 0 2 1 1 1 0 0 0 0 0 0 0 0 3 0 0 0 1 0 51
4 1 1 1 0 0 0 0 0 0 0 0 0 0 1 0 1 1 0 1 0 0 0 0 0 0 0 0 2 0 0 0 2 0 62
1 3 2 1 1 0 0 0 0 2 1 0 0 0 0 0 0 2 1 1 1 1 1 0 1 0 0 0 0 0 0 0 1 0 15
2 2 1 1 0 0 0 0 0 1 0 0 0 0 1 0 1 1 0 1 0 0 0 0 0 0 0 0 2 0 0 0 2 0 35
5 0 1 0 3 0 0 0 0 0 0 0 0 0 0 2 0 2 2 0 0 0 0 0 0 0 0 0 0 0 0 0 1 0 30
3 2 1 1 1 1 2 0 1 0 0 0 2 0 0 0 3 2 1 1 0 0 0 0 0 2 0 2 0 2 0 0 3 3 48
4 2 1 1 3 3 0 0 0 0 0 0 0 0 0 0 2 2 1 1 0 0 0 0 0 0 0 0 1 0 0 0 2 0 46
6 2 1 1 1 0 0 2 0 3 2 0 0 0 1 0 1 1 1 1 0 0 0 0 0 0 0 0 0 0 0 1 1 1 12
2 1 2 1 1 0 0 0 0 0 1 0 0 0 0 0 2 1 0 1 0 0 0 0 0 0 0 0 2 0 0 0 0 2 52
3 2 0 1 0 0 2 0 1 0 0 0 3 0 0 0 2 2 2 2 0 0 0 0 0 1 0 3 0 2 0 0 2 2 60
3 3 1 1 2 2 2 0 0 0 0 0 2 0 0 0 2 1 0 1 0 0 0 0 0 1 0 2 0 3 0 0 2 3 32
4 1 1 1 0 2 0 0 0 0 0 0 0 0 1 0 1 1 1 1 0 0 0 0 1 0 0 0 0 1 0 0 1 0 35
1 2 2 1 0 0 0 0 0 2 2 0 0 0 1 0 0 2 1 1 1 2 2 1 2 0 0 0 0 0 0 0 1 0 41
1 3 1 1 1 1 0 0 0 0 1 1 0 0 0 0 0 1 0 2 2 2 3 0 3 0 0 0 0 0 0 0 2 0 48
5 0 1 0 2 0 0 0 0 0 0 0 0 0 0 3 1 2 1 0 0 1 0 0 0 0 0 0 0 0 0 0 3 0 51
1 2 2 2 0 0 0 0 0 0 1 0 0 0 0 0 1 2 0 2 1 3 2 0 1 0 0 0 0 0 0 0 1 0 19
2 1 1 1 2 0 0 0 0 0 0 0 0 1 1 0 3 1 0 0 0 0 0 0 0 0 0 0 2 0 0 0 2 0 22
3 2 1 1 3 0 3 0 1 0 0 0 1 0 0 0 2 2 0 1 0 0 0 0 0 1 0 3 0 1 0 0 2 2 29
4 1 1 1 0 0 0 0 0 0 0 0 0 0 0 0 1 1 0 1 0 0 0 0 0 0 1 0 1 0 0 0 1 0 25
2 3 3 0 3 0 0 0 0 0 0 0 0 1 1 0 3 1 0 0 0 0 0 0 0 0 0 0 3 0 0 0 2 0 33
6 2 2 1 1 0 0 1 0 1 1 1 0 0 0 0 1 2 1 1 1 1 0 0 0 0 0 0 1 0 1 1 1 0 8
1 2 1 1 0 0 0 0 0 1 1 1 0 0 1 0 0 2 2 2 2 2 2 0 1 0 1 0 0 0 0 0 1 0 40
5 1 1 0 1 0 0 0 0 0 0 0 0 0 0 2 1 3 0 2 0 2 0 0 0 0 0 0 0 0 0 0 1 0 33
1 3 3 2 1 1 0 0 0 2 2 1 0 0 0 0 0 3 2 3 2 2 2 1 1 0 0 0 0 0 0 0 1 0 42
2 2 2 0 3 0 0 0 0 0 0 0 0 0 2 0 3 1 0 1 0 0 0 0 0 0 0 0 2 0 0 0 2 0 36
3 3 2 2 2 0 2 0 1 0 0 0 2 0 0 0 1 1 1 1 0 0 0 0 0 2 0 2 0 2 0 0 1 3 60
1 2 2 2 0 0 0 0 0 2 2 0 0 0 1 0 0 2 0 2 3 3 3 1 3 0 3 0 0 0 0 0 3 0 36
4 1 1 0 1 3 0 0 0 0 0 0 0 0 0 0 1 1 0 1 0 0 0 0 0 0 0 0 2 0 0 0 2 0 21
5 3 3 3 2 0 0 0 0 0 0 0 0 0 0 3 2 2 2 2 0 2 0 0 0 0 0 0 0 0 0 0 3 0 40
1 3 3 3 0 1 0 0 0 2 0 0 0 0 0 0 1 1 2 2 2 2 2 0 0 0 0 0 0 0 0 0 2 0 21
2 2 2 2 1 0 0 0 0 0 0 0 0 0 1 0 1 2 0 0 0 0 0 0 0 0 0 0 2 0 0 0 1 0 34
6 2 1 2 0 0 0 3 0 3 0 0 0 0 0 0 2 2 1 2 0 0 0 0 0 0 0 0 0 0 3 3 0 0 13
3 1 1 1 1 1 0 0 1 0 0 0 2 0 0 0 3 1 0 1 0 0 0 0 0 2 0 2 0 2 0 0 2 3 52
5 1 1 1 1 0 0 0 0 0 0 0 0 0 0 1 1 1 1 2 0 1 0 0 0 0 0 0 0 0 0 0 2 0 48
4 2 1 2 2 1 0 0 0 0 0 0 0 0 0 0 2 0 0 1 0 0 0 0 0 0 0 0 2 0 0 0 1 0 17
2 3 2 1 2 0 0 0 0 0 0 0 0 0 2 0 2 1 0 2 0 0 0 0 0 0 0 0 2 0 0 0 2 0 25
2 2 2 2 1 0 0 0 0 0 0 0 0 0 2 0 1 2 0 3 0 0 0 0 0 0 0 0 3 0 0 0 0 0 33
1 2 1 2 2 2 0 0 0 0 0 0 0 1 2 0 2 2 2 2 2 2 1 1 1 0 0 0 0 0 0 0 3 0 62
3 0 0 0 0 0 0 0 3 0 0 0 1 0 0 0 3 1 1 1 0 0 0 0 0 2 0 3 3 3 0 0 3 3 52
5 2 2 1 2 0 0 0 0 0 0 0 0 0 0 2 1 1 1 1 0 0 0 0 0 0 0 0 0 0 0 0 1 0 27
1 3 2 2 2 2 0 0 0 0 0 0 0 0 1 0 0 2 1 1 1 2 1 1 1 0 0 0 0 0 0 0 2 0 40
2 3 2 2 2 0 0 0 0 0 0 0 0 0 3 0 2 2 0 3 0 0 0 0 0 0 0 0 2 0 0 0 1 0 31
2 2 1 1 2 0 0 0 0 0 0 0 0 0 2 0 3 2 0 2 0 0 0 0 0 0 0 0 3 0 0 0 3 0 27
2 3 2 2 1 0 0 0 0 0 0 0 0 0 1 0 2 1 0 2 0 0 0 0 0 0 0 0 2 0 0 0 2 0 10
5 1 1 2 3 0 0 0 0 0 0 0 0 0 0 3 1 1 1 1 0 0 0 0 0 0 0 0 0 0 0 0 1 0 55
1 2 2 2 3 3 0 0 0 0 2 0 0 1 2 0 1 1 1 1 1 1 1 1 2 0 0 0 0 0 0 0 2 0 30
1 3 3 2 2 1 0 0 0 0 1 0 0 2 2 0 1 2 1 1 1 2 1 2 1 0 0 0 0 0 0 0 2 0 42
3 2 1 2 1 1 0 0 2 0 0 0 2 0 0 0 2 2 0 2 0 0 0 0 0 3 0 3 0 3 0 0 3 3 48
1 0 1 2 1 1 0 1 0 2 3 0 0 0 1 0 0 3 1 2 3 3 3 1 1 0 0 0 0 0 0 0 2 0 22
4 1 1 1 0 2 0 0 0 0 0 0 0 0 1 0 1 1 0 1 0 0 0 0 0 0 0 0 2 0 0 0 1 0 31
2 3 2 1 3 0 0 0 0 0 0 1 0 1 2 0 3 2 0 1 0 1 0 0 0 0 0 0 3 0 0 0 1 0 50
2 2 1 0 2 0 0 0 0 0 0 0 0 1 1 0 2 0 0 0 0 0 0 0 0 0 0 0 0 0 0 0 2 0 43
5 1 1 1 3 0 0 1 0 0 0 0 0 0 0 2 1 3 1 1 0 2 0 0 0 0 0 0 1 0 0 0 2 0 30
1 3 3 3 3 3 0 0 0 3 3 1 0 0 1 0 0 2 1 2 2 2 2 2 2 0 1 0 0 0 0 0 2 0 42
3 2 1 1 3 2 2 0 2 0 0 0 2 0 0 0 2 2 0 1 0 0 0 0 0 2 0 3 0 2 0 0 3 3 22
4 2 1 0 2 2 0 0 0 0 0 0 0 0 0 0 3 1 1 1 0 0 0 0 0 0 1 0 2 0 0 0 1 0 18
2 2 2 1 2 0 0 0 0 0 0 0 0 0 1 0 3 2 0 1 0 0 0 0 0 0 0 0 3 0 0 0 2 0 35
5 1 1 1 0 0 0 0 0 0 0 0 0 0 0 3 0 2 0 0 0 3 0 0 0 0 0 0 0 0 0 0 1 0 60
1 2 2 2 2 2 0 0 0 2 1 0 0 0 0 0 2 0 2 2 2 2 2 1 1 0 0 0 0 0 0 0 1 0 28
6 2 2 1 0 0 0 2 0 2 0 1 0 0 0 0 1 1 1 1 0 0 0 0 0 0 0 0 0 0 1 1 1 0 13
2 2 2 1 1 0 0 0 0 1 0 0 0 1 1 0 2 2 1 1 0 1 0 1 0 0 0 0 2 0 0 0 1 0 20
5 1 1 2 0 0 0 0 0 0 0 0 0 0 0 3 0 2 0 0 0 2 0 0 0 0 0 0 0 0 0 0 1 0 64
1 3 3 3 2 2 0 0 0 2 2 0 0 0 1 0 0 1 0 1 1 1 1 1 1 0 2 0 0 0 0 0 3 0 43
2 2 3 1 2 0 0 0 0 0 0 0 0 1 0 0 3 2 0 2 0 2 0 0 0 0 0 0 2 0 0 0 1 0 20
2 1 2 2 1 0 0 0 0 0 0 0 0 2 0 0 2 3 0 1 0 1 0 0 0 0 0 0 1 0 0 0 2 0 34
1 2 2 2 2 2 0 0 0 2 2 1 0 0 1 0 0 2 1 2 2 2 1 0 2 0 0 1 0 0 0 0 1 0 39
4 1 1 0 1 1 0 0 0 0 0 0 0 0 0 0 2 0 0 1 0 0 0 0 0 0 0 0 2 0 0 0 2 0 60
1 1 1 1 1 1 0 0 0 1 1 0 0 0 2 0 0 1 2 1 1 1 2 0 3 0 0 0 0 0 0 0 2 0 38
3 2 2 3 2 1 3 0 2 0 0 0 2 0 0 0 2 3 0 0 0 0 0 0 0 2 0 3 0 2 0 0 2 3 44
1 3 2 1 2 2 0 0 0 2 2 0 0 0 1 0 0 2 3 2 2 2 3 0 3 0 0 0 0 0 0 0 3 1 36
1 2 2 2 3 2 0 0 0 3 3 0 0 0 1 0 0 2 0 2 2 2 2 2 2 0 1 0 0 0 0 0 2 0 41
3 2 2 2 3 2 2 0 2 0 0 0 3 0 0 0 3 2 0 1 0 0 0 0 0 2 0 3 2 3 0 0 3 3 18
5 1 1 2 0 0 0 0 0 0 0 0 0 0 0 3 0 2 0 0 0 2 0 0 0 0 0 0 0 0 0 0 2 0 39
3 2 2 3 2 3 3 0 3 0 0 0 2 0 0 0 2 3 0 2 0 0 0 0 0 3 0 2 2 2 0 0 2 2 40
3 1 1 1 2 2 2 0 2 0 0 0 2 0 0 0 2 2 0 1 0 0 0 0 0 2 0 2 0 2 0 0 3 3 47
5 2 2 2 3 0 0 1 0 0 0 0 0 0 0 3 1 2 2 2 0 2 0 0 0 0 0 0 0 0 0 0 1 0 16
2 2 2 1 2 0 0 0 0 0 0 0 0 0 1 0 2 2 0 2 0 0 0 0 0 0 0 0 2 0 0 0 2 0 27
3 2 2 3 2 2 2 0 3 0 0 0 2 0 0 2 2 2 0 1 0 0 0 0 0 2 0 3 3 2 0 0 2 2 52
4 2 2 0 2 2 0 0 0 0 0 0 0 0 0 0 3 0 0 2 0 0 0 0 0 0 0 0 3 0 0 0 2 0 25
1 1 1 1 1 1 0 0 0 2 2 0 0 0 2 0 0 2 1 1 2 2 1 0 2 0 0 0 0 0 0 0 0 2 0
2 3 3 2 2 0 0 0 0 0 0 0 0 0 0 0 0 2 0 2 0 1 0 0 0 0 0 0 3 0 0 0 2 0 33
5 2 2 2 1 0 0 2 0 0 0 0 0 0 0 3 1 3 2 2 0 2 0 0 0 0 0 0 0 0 0 0 2 0 46
6 1 1 2 0 0 0 3 0 3 0 1 0 0 0 0 2 1 1 1 1 0 0 0 0 0 0 0 0 0 2 2 2 0 7
1 2 3 3 3 3 0 0 0 2 1 0 0 0 0 0 2 2 1 3 3 3 3 0 0 0 0 0 0 0 0 0 2 0 30
1 3 2 2 2 2 0 0 0 0 3 0 0 0 2 0 0 3 1 3 3 3 2 0 1 0 0 0 0 0 0 0 2 0 29
2 2 2 1 1 0 0 0 0 0 0 0 0 0 1 0 2 3 0 2 0 0 0 0 0 0 0 0 2 0 0 0 1 0 23
6 2 2 2 0 0 0 2 0 2 0 0 0 0 0 0 2 2 2 2 0 0 0 0 0 0 0 0 0 0 2 2 2 0 8
3 2 2 2 2 3 2 0 3 0 0 0 3 0 0 0 3 2 0 1 0 0 0 0 0 2 0 3 0 3 0 0 3 3 44
5 1 1 0 0 0 0 0 0 0 0 0 0 0 0 2 0 3 0 0 0 2 0 0 0 0 0 0 0 0 0 0 1 0 17
4 2 1 0 2 2 0 0 0 0 0 0 0 0 0 0 2 1 1 1 0 0 0 0 0 0 0 0 2 0 0 0 1 0 16
1 1 1 2 2 2 0 2 0 1 2 0 0 0 1 0 0 2 1 2 3 3 3 2 2 0 0 0 0 0 0 0 2 0 55
1 2 2 2 3 2 0 0 0 1 1 0 0 0 1 0 0 1 1 1 1 1 1 1 1 0 2 0 0 0 0 0 3 0 40
3 3 2 2 1 3 3 0 3 0 0 0 3 0 0 0 3 2 0 3 0 0 0 0 0 2 0 3 3 3 0 0 2 2 34
5 2 2 1 0 0 0 0 0 0 0 0 0 0 0 2 0 3 0 0 0 2 0 0 0 0 0 0 0 0 0 0 3 0 29
5 3 2 2 0 0 0 0 0 0 0 0 0 0 0 1 0 2 0 0 0 1 0 0 0 0 0 0 0 0 0 0 2 0 34
1 1 1 1 1 1 0 1 0 2 3 0 0 0 1 0 0 2 2 1 2 2 2 2 2 0 0 0 0 0 0 0 3 0 25
4 2 2 0 2 1 0 0 0 0 0 0 0 0 0 0 2 0 0 2 0 0 0 0 0 0 0 0 3 0 0 0 3 0 70
2 3 3 2 1 0 0 0 0 0 0 0 0 2 0 0 2 3 0 2 0 2 0 0 0 0 0 0 2 0 0 0 1 0 37
3 2 3 2 3 3 3 0 2 0 0 0 3 0 0 0 3 2 0 3 0 0 0 0 0 3 0 2 2 2 0 0 2 2 41
1 3 3 3 3 2 0 0 0 0 0 0 0 0 1 0 0 2 1 1 1 2 1 1 2 0 0 0 0 0 0 0 2 0 32
2 2 2 1 2 2 0 0 0 0 0 0 0 0 1 0 1 2 0 1 0 0 0 0 0 0 0 0 2 0 0 0 2 0 20
1 2 3 1 2 1 0 0 0 0 0 0 0 0 2 0 0 1 0 0 2 1 2 2 0 0 0 0 0 0 0 0 2 0 19
1 3 2 2 3 2 0 0 0 0 2 0 0 0 2 0 2 2 1 2 3 3 3 3 1 0 0 0 0 0 0 0 3 0 61
3 2 1 1 3 2 2 0 2 0 0 0 0 0 0 2 3 0 2 0 0 0 0 0 3 0 2 0 2 2 0 0 3 2 27
3 1 1 2 3 2 3 0 3 0 0 0 2 0 0 0 2 2 0 2 0 0 0 0 0 2 0 3 2 3 0 0 2 3 36
3 2 2 3 3 1 2 0 2 0 0 0 1 0 0 0 3 3 0 2 0 0 0 0 0 3 0 2 1 2 0 0 2 3 40
2 3 2 0 3 0 0 0 0 0 0 0 0 1 1 0 3 2 0 1 0 0 0 0 0 0 0 0 3 0 0 0 2 0 52
5 1 1 0 3 0 0 0 0 0 0 0 0 1 0 2 0 3 0 1 0 2 0 0 0 0 0 0 0 0 0 0 1 0 27
4 2 2 2 0 2 0 0 0 0 0 0 0 0 0 0 2 2 0 2 0 0 0 0 0 0 0 0 2 0 0 0 1 0 30
2 2 3 0 2 0 0 0 0 0 0 0 0 0 0 0 3 2 0 0 0 0 0 0 0 0 0 0 2 0 0 0 1 0 45
2 1 2 0 3 0 0 0 0 0 0 0 0 0 0 0 2 2 0 0 0 0 0 0 0 0 0 0 2 0 0 0 2 0 34
1 2 3 2 1 0 0 0 0 1 2 1 0 0 1 0 2 1 0 1 2 2 1 1 0 0 0 0 0 0 0 0 2 0 27
1 3 3 2 2 0 0 0 0 2 0 0 0 0 1 0 2 1 0 2 1 1 1 1 0 0 0 0 0 0 0 0 2 0 46
1 2 2 2 0 0 0 0 0 1 0 0 0 0 2 0 1 3 0 1 2 2 1 0 0 0 0 0 0 0 0 0 1 0 52
5 1 0 1 2 0 0 0 0 0 0 0 0 0 0 3 0 3 1 0 0 2 0 0 0 0 0 0 0 0 0 0 1 0 28
3 2 1 1 1 0 2 0 2 0 0 0 2 0 0 0 2 2 0 2 0 0 0 0 0 1 0 2 2 2 0 0 3 3 40
2 2 3 0 2 0 0 0 0 0 0 0 0 0 0 0 3 3 0 0 0 0 0 0 0 0 0 0 2 0 0 0 1 0 55
3 3 3 2 2 0 3 0 2 0 0 0 2 0 0 0 2 2 0 2 0 0 0 0 0 2 0 2 3 3 0 0 2 3 32
2 2 2 1 2 0 0 0 0 0 0 0 0 0 0 0 2 1 0 0 0 0 0 0 0 0 0 0 2 0 0 0 1 0 33
2 3 2 2 1 0 0 0 0 0 0 0 0 0 0 0 1 2 0 0 0 0 0 0 0 0 0 0 3 0 0 0 2 0 47
4 2 1 2 0 2 0 0 0 0 0 0 0 0 0 0 2 2 0 1 0 0 0 0 0 0 0 0 2 0 0 0 1 0 35
2 2 1 1 2 0 0 0 0 0 0 0 0 0 0 0 2 1 0 0 0 0 0 0 0 0 0 0 2 0 0 0 3 0 61
3 3 2 2 2 0 2 0 2 0 0 0 2 0 0 0 2 2 0 2 0 0 0 0 0 2 0 1 1 1 0 0 2 2 22
6 2 2 0 0 0 0 2 0 1 1 1 0 0 0 0 2 2 0 1 0 0 0 0 0 0 0 0 1 0 1 2 1 0 10
2 3 2 0 2 0 0 0 0 0 0 0 0 0 1 0 2 2 0 1 0 0 0 0 0 0 0 0 2 0 0 0 0 0 20
1 3 2 2 3 1 0 0 0 1 1 1 0 0 2 0 0 2 0 2 2 3 2 1 1 0 0 0 0 0 0 0 1 0 55
1 2 3 2 2 1 0 0 0 2 2 0 0 0 2 0 0 2 0 3 3 3 2 2 2 0 0 0 0 0 0 0 2 0 67
3 2 2 3 3 1 2 0 2 0 0 0 2 0 0 0 3 2 0 2 0 0 0 0 0 2 0 2 0 0 0 0 2 3 51
4 2 2 2 0 2 0 0 0 0 0 0 0 0 0 0 2 1 0 1 0 0 0 0 0 0 1 0 2 0 0 0 1 0 20
3 2 2 3 3 1 3 0 2 0 0 0 3 0 0 0 2 3 0 2 0 0 0 0 0 2 0 3 2 2 0 0 3 3 22
3 1 1 2 3 1 2 0 2 0 0 0 1 0 0 0 1 3 0 1 0 0 0 0 0 1 0 2 2 3 0 0 2 3 45
1 2 3 2 0 0 0 0 0 2 2 0 0 0 2 0 0 2 0 2 3 2 1 3 0 0 2 0 0 0 0 0 2 0 55
1 3 2 3 0 0 0 0 0 3 0 0 0 0 3 0 0 1 0 1 2 2 0 2 0 0 3 0 0 0 0 0 1 0 56
1 3 3 3 0 0 0 0 0 2 0 0 0 0 2 0 0 2 0 2 2 3 0 3 0 0 2 0 0 0 0 0 2 0 18
3 3 2 2 2 0 2 0 2 0 0 0 2 0 0 0 2 3 0 3 0 0 0 0 0 2 0 2 3 2 0 0 2 3 40
1 2 2 2 0 0 0 0 0 3 2 0 0 0 2 0 0 2 0 2 2 3 2 3 0 0 2 0 0 0 0 0 3 0 30
1 3 2 3 0 0 0 0 0 2 2 0 0 0 2 0 0 3 0 2 2 2 3 3 0 0 2 0 0 0 0 0 2 0 33
2 2 2 0 3 0 0 0 0 0 0 0 0 0 2 0 3 3 0 0 0 0 0 0 0 0 0 0 2 0 0 0 2 0 40
3 1 2 2 2 0 3 0 2 0 0 0 2 0 0 0 3 2 0 2 0 0 0 0 0 3 0 2 2 2 0 0 2 2 42
3 2 2 2 2 0 2 0 3 0 0 0 3 0 0 0 3 3 0 3 0 0 0 0 0 3 0 3 3 3 0 0 2 2 36
1 2 3 2 0 0 0 0 0 2 0 0 0 0 3 0 0 3 0 2 2 2 0 2 0 0 0 0 0 0 0 0 2 0 27
1 3 2 2 0 0 0 0 0 0 0 0 0 0 2 0 0 2 0 1 0 2 2 0 0 0 0 0 0 0 0 0 2 0 56
1 1 3 1 0 0 0 0 0 0 0 0 0 0 2 0 0 2 0 2 0 3 3 0 0 0 0 0 0 0 0 0 3 0 60
1 2 2 2 0 0 0 0 0 0 0 0 0 0 3 0 0 3 0 3 0 3 3 0 0 0 0 0 0 0 0 0 2 0 20
6 2 2 1 0 0 0 3 0 2 0 1 0 0 0 0 2 2 1 2 0 0 0 0 0 0 0 0 2 0 3 3 2 0 7
2 2 2 0 2 0 0 0 0 0 0 0 0 0 1 0 3 2 0 0 0 0 0 0 0 0 0 0 3 0 0 0 1 0 30
2 3 2 0 3 0 0 0 0 0 0 0 0 0 2 0 2 2 0 0 0 0 0 0 0 0 0 0 2 0 0 0 2 0 19
2 2 3 0 2 0 0 0 0 0 0 0 0 0 2 0 3 3 0 0 0 0 0 0 0 0 0 0 2 0 0 0 2 0 52
2 3 2 0 2 0 0 0 0 0 0 1 0 0 2 0 2 2 0 0 0 0 0 0 0 0 0 0 3 0 0 0 3 0 55
1 2 2 2 0 0 0 0 0 3 0 0 0 0 2 0 0 2 0 2 2 2 0 2 0 0 2 0 0 0 0 0 2 0 23
3 2 1 2 3 1 2 0 2 0 0 0 2 0 0 0 1 3 0 2 0 0 0 0 0 2 0 2 0 3 0 0 3 2 50
3 2 3 3 3 0 3 0 3 0 0 0 2 0 0 0 2 1 0 2 0 0 0 0 0 2 0 2 0 3 0 0 2 2 38
3 3 2 2 2 0 2 0 0 0 0 0 2 0 0 0 3 2 0 3 0 0 0 0 0 2 0 3 0 2 0 0 3 3 25
1 2 2 2 0 0 0 0 0 2 2 1 0 0 2 0 0 2 0 3 3 2 2 2 1 0 2 0 0 0 0 0 2 0 18
1 3 2 2 0 0 0 0 0 3 3 1 0 0 3 0 0 3 0 2 3 2 3 2 0 0 3 0 0 0 0 0 2 0 35
2 2 2 1 2 0 0 0 0 0 0 0 0 1 1 0 2 2 0 1 0 0 0 1 0 0 0 0 3 0 0 0 2 0 22
3 3 2 3 3 1 2 0 2 0 0 0 3 0 0 0 2 2 0 2 0 0 0 0 0 1 0 2 0 2 0 0 2 3 52
2 3 2 2 0 0 0 0 0 0 0 0 0 1 1 0 1 1 0 2 0 0 0 1 0 0 0 0 2 0 0 0 2 0 50
2 2 2 2 0 0 0 0 0 0 0 0 0 1 2 0 2 0 0 1 0 0 0 0 0 0 0 0 2 0 0 0 1 0 33
2 3 2 1 0 0 0 0 0 0 0 0 0 1 1 0 2 0 0 2 0 0 0 0 0 0 0 0 2 0 0 0 1 0 44
5 1 1 0 2 0 0 1 0 0 0 0 0 0 0 2 1 2 1 0 0 1 0 0 0 0 0 0 0 0 0 0 2 0 18
5 1 1 0 1 0 0 2 0 0 0 0 0 0 0 1 2 1 2 0 0 2 0 0 0 0 0 0 0 0 0 0 2 0 25
5 2 2 0 2 0 0 1 0 0 0 0 0 0 0 2 1 2 1 0 0 2 0 0 0 0 0 0 0 0 0 0 3 0 52
5 1 1 0 1 0 0 2 0 0 0 0 0 0 0 2 2 1 2 0 0 1 0 0 0 0 0 0 0 0 0 0 1 0 35
5 2 2 0 2 0 0 1 0 0 0 0 0 0 0 1 1 2 2 0 0 0 0 0 0 0 0 0 0 0 0 0 2 1 40
1 3 2 2 0 0 0 0 0 2 2 1 0 0 2 0 0 3 2 1 2 2 2 1 1 0 0 0 0 0 0 0 2 0 55
1 2 3 2 0 1 0 0 0 2 3 0 0 0 2 0 0 2 3 1 2 2 2 1 1 0 0 0 0 0 0 0 1 0 20
1 3 2 2 0 2 0 0 0 3 2 0 0 0 3 0 0 3 2 2 2 2 2 1 0 0 0 0 0 0 0 0 2 0 60
1 2 3 2 0 0 0 0 0 2 3 0 0 0 2 0 0 2 2 2 2 2 3 2 1 0 0 0 0 0 0 0 2 0 33
1 2 3 2 0 0 0 0 0 3 2 0 0 0 2 0 0 3 2 3 2 2 3 2 1 0 0 0 0 0 0 0 2 0 27
1 3 2 2 0 0 0 0 0 2 2 0 0 0 2 0 0 3 1 2 3 3 2 3 0 0 0 0 0 0 0 0 2 0 50
1 2 3 2 0 0 0 0 0 3 2 0 0 0 2 0 0 2 1 2 3 3 2 2 0 0 0 0 0 0 0 0 1 0 70
3 2 2 2 3 1 2 0 2 0 0 0 2 0 0 0 2 2 0 1 0 0 0 0 0 2 2 2 1 3 0 0 2 3 28
3 2 2 2 2 1 3 0 2 0 0 0 2 0 0 0 3 2 0 0 0 0 0 0 0 3 2 2 2 2 0 0 3 3 30
3 3 2 3 2 2 2 0 2 0 0 0 3 0 0 0 2 3 0 1 0 0 0 0 0 2 1 2 2 1 0 0 2 3 53
3 2 3 2 3 3 2 0 2 0 0 0 2 0 0 0 3 2 0 0 0 0 0 0 0 3 2 2 1 2 0 0 2 2 27
3 2 2 3 2 2 2 0 3 0 0 0 3 0 0 0 2 3 0 0 0 0 0 0 0 2 2 3 2 2 0 0 2 3 50
3 3 2 2 3 3 3 0 2 0 0 0 2 0 0 0 2 3 0 0 0 0 0 0 0 2 2 2 2 2 0 0 2 2 42
4 3 2 1 0 2 0 0 0 0 0 0 0 0 0 0 2 2 0 0 0 0 0 0 0 0 0 0 3 0 0 0 2 0 45
4 2 2 1 0 1 0 0 0 0 0 0 0 0 0 0 3 2 0 0 0 0 0 0 0 0 0 0 3 0 0 0 2 0 35
4 3 1 1 0 1 0 0 0 0 0 0 0 0 0 0 2 2 0 0 0 0 0 0 0 0 0 0 2 0 0 0 3 0 30
4 2 2 2 1 2 0 0 0 0 0 0 0 0 0 0 3 2 0 0 0 0 0 0 0 0 0 0 3 0 0 0 2 0 42
5 1 1 1 3 0 0 0 0 0 0 0 0 0 0 2 1 3 0 1 0 2 0 0 0 0 0 0 0 0 0 0 2 0 18
5 2 1 2 2 0 0 0 0 0 0 0 0 0 0 3 0 3 0 2 0 2 0 0 0 0 0 0 2 0 0 0 1 0 25
5 2 1 3 3 0 0 0 0 0 0 0 0 0 0 2 0 2 0 2 0 2 0 0 0 0 0 0 1 0 0 0 1 0 36
5 2 1 2 2 0 0 0 0 0 0 0 0 0 0 1 0 1 0 1 0 1 0 0 0 0 0 0 0 0 0 0 1 0 40
5 1 2 1 1 0 0 0 0 0 0 0 0 0 0 2 0 2 0 2 0 2 0 0 0 0 0 0 0 0 0 0 2 0 35
5 1 1 1 2 0 0 0 0 0 0 0 0 0 0 3 0 2 0 2 0 2 0 0 0 0 0 0 0 0 0 0 2 0 19
5 2 1 2 0 0 0 0 0 0 0 0 0 0 0 2 0 2 0 2 0 2 0 0 0 0 0 0 0 0 0 0 1 0 50
2 2 2 0 2 0 0 0 0 0 0 0 0 1 1 0 2 2 0 2 0 0 0 0 0 0 0 0 3 0 0 0 2 0 47
2 3 2 0 1 0 0 0 0 0 1 0 0 2 2 0 3 2 0 2 0 0 0 0 0 0 0 0 2 0 0 0 3 0 30
2 2 3 0 3 0 0 0 0 0 2 0 0 2 2 0 2 3 0 3 0 0 0 0 0 0 0 0 2 0 0 0 2 0 42
2 3 2 0 2 0 0 0 0 0 2 0 0 2 2 0 2 2 0 2 0 0 0 0 0 0 0 0 1 0 0 0 2 0 55
1 2 2 2 1 1 0 0 0 2 0 1 0 0 2 0 1 2 1 2 2 2 2 1 1 0 1 0 0 0 0 0 2 0 60
1 3 2 3 0 1 0 0 0 1 2 0 0 0 2 0 2 1 2 1 1 1 1 1 1 0 2 0 0 0 0 0 2 0 65
1 2 2 2 1 0 0 0 0 0 1 1 0 0 1 0 2 1 2 2 2 1 2 0 0 0 1 0 0 0 0 0 2 0 47
1 3 2 3 2 0 0 0 0 0 2 1 0 0 0 0 2 1 3 2 2 2 2 0 0 0 3 0 0 0 0 0 3 0 35
1 2 2 1 1 0 0 0 0 0 2 1 0 0 0 0 2 2 2 2 1 2 2 0 0 0 2 0 0 0 0 0 2 0 52
1 2 2 2 2 0 0 0 0 0 1 0 0 0 0 0 2 2 3 2 2 1 1 0 0 0 2 0 0 0 0 0 1 0 60
6 2 2 2 1 0 0 2 0 2 2 1 0 0 0 0 1 2 0 2 0 0 0 0 0 0 0 0 2 0 2 2 2 0 7
6 3 2 0 0 0 0 2 0 2 2 0 0 0 0 0 2 1 0 2 0 0 0 0 0 0 0 0 1 0 2 3 3 0 8
1 2 2 2 3 0 0 0 0 2 2 1 0 0 1 0 0 2 1 2 3 3 3 0 1 0 2 0 0 0 0 0 1 0 25
1 3 2 2 3 0 0 0 0 2 0 0 0 0 2 0 0 2 2 2 2 2 2 0 2 0 2 0 0 0 0 0 1 0 60
1 2 2 2 2 0 0 0 0 2 2 1 0 0 1 0 0 3 0 3 2 2 2 0 2 0 2 0 0 0 0 0 2 0 50
1 2 1 2 0 0 0 0 0 3 2 1 0 0 2 0 0 2 0 2 3 2 2 0 2 0 3 0 0 0 0 0 2 0 33
1 3 3 3 0 0 0 0 0 2 3 0 0 0 1 0 0 3 0 3 3 3 3 0 1 0 3 0 0 0 0 0 3 0 27
1 2 2 2 0 0 0 0 0 2 3 0 0 0 2 0 0 2 0 2 3 2 2 0 2 0 2 0 0 0 0 0 2 0 55
1 2 2 2 0 0 0 0 0 2 2 0 0 0 2 0 0 2 0 2 2 2 2 0 2 0 2 0 0 0 0 0 2 0 62
1 3 2 2 0 0 0 0 0 0 1 1 0 0 2 0 0 2 0 1 1 2 2 1 0 0 2 0 0 0 0 0 2 0 19
3 2 1 1 2 2 2 0 2 0 0 0 2 1 0 0 3 2 1 1 0 0 0 0 0 2 0 2 2 3 0 0 2 3 50
3 2 2 2 2 3 3 0 2 0 0 0 2 0 0 0 2 3 1 1 0 0 0 0 0 2 0 2 3 2 0 0 3 2 40
3 2 2 2 2 1 2 0 2 0 0 0 2 1 0 0 3 2 1 1 0 0 0 0 0 2 0 2 2 3 0 0 2 3 62
3 2 2 2 2 1 2 0 2 0 0 0 3 1 0 0 2 2 1 1 0 0 0 0 0 2 0 2 3 2 0 0 2 3 36
3 2 1 2 2 0 3 0 2 0 0 0 2 1 0 0 3 2 1 1 0 0 0 0 0 2 0 2 3 2 0 0 3 2 27
3 3 1 2 3 0 3 0 0 0 1 0 2 1 0 0 2 3 1 2 0 0 0 0 0 1 0 3 2 3 0 0 2 2 47
3 2 1 2 2 0 2 0 0 0 1 0 1 1 0 0 2 3 1 2 0 0 0 0 0 2 0 2 2 2 0 0 2 2 50
4 2 1 1 0 1 0 0 0 0 0 0 0 0 0 0 2 2 0 1 0 0 0 0 0 0 1 0 2 0 0 0 1 0 35
4 3 2 1 1 0 0 0 0 0 0 0 0 1 0 0 3 2 1 1 0 0 0 0 0 0 1 0 1 0 0 0 2 0 25
4 1 2 2 0 1 0 0 0 0 0 0 0 0 1 0 2 2 2 1 0 0 0 0 0 0 1 0 2 0 0 0 1 0 60
4 2 2 2 0 1 0 0 0 0 0 0 0 0 0 0 2 2 1 1 0 0 0 0 0 0 0 0 2 0 0 0 2 0 22
4 1 2 2 0 1 0 0 0 0 0 0 0 0 0 0 3 2 2 1 0 0 0 0 0 0 1 0 2 0 0 0 2 0 35
4 2 2 2 1 0 0 0 0 0 0 0 0 0 0 0 2 2 2 2 0 0 0 0 0 0 0 0 1 0 0 0 2 0 36
5 2 1 0 2 0 0 0 0 0 0 0 0 0 0 2 1 3 2 2 1 3 0 0 0 0 0 0 2 0 0 0 3 0 ?
5 1 1 1 3 0 0 0 0 0 0 0 0 0 0 3 2 3 1 2 2 2 0 0 0 0 0 0 3 0 0 0 2 0 ?
5 1 1 0 2 0 0 0 0 1 0 0 0 0 0 3 2 3 2 1 1 3 0 0 0 0 0 0 2 0 0 0 3 0 ?
5 1 1 0 3 0 0 0 0 0 0 0 0 0 0 2 1 3 1 1 0 2 0 1 0 0 0 0 2 0 0 0 3 0 ?
6 2 2 1 1 0 0 2 0 2 0 1 0 0 0 0 1 1 1 1 0 0 0 0 0 0 0 0 2 0 1 2 2 0 10
6 3 2 0 1 0 0 2 0 1 0 1 0 0 0 0 1 2 1 2 0 0 0 0 0 0 0 0 3 0 1 2 2 0 12
6 2 2 1 1 0 0 2 0 0 0 0 0 0 0 0 1 1 1 1 0 0 0 0 0 0 0 0 2 0 1 2 2 0 8
4 3 2 2 0 0 0 0 0 0 0 0 0 0 0 0 3 2 1 0 0 0 0 0 0 0 1 0 2 0 0 0 2 0 35
4 2 2 1 0 1 0 0 0 0 0 0 0 0 0 0 2 2 0 0 0 0 0 0 0 0 1 0 3 0 0 0 2 0 62
4 2 2 2 0 0 0 0 0 0 0 0 0 0 0 0 3 1 0 0 0 0 0 0 0 0 1 0 2 0 0 0 3 0 48
1 3 3 2 0 1 0 0 0 2 2 1 0 0 0 0 0 2 1 3 3 3 2 1 0 0 1 0 0 0 0 0 2 0 30
1 2 2 3 1 0 0 0 0 3 2 1 0 0 0 0 1 2 0 3 3 3 2 1 1 0 2 0 0 0 0 0 3 0 57
1 1 2 2 1 1 0 0 0 2 2 1 0 0 1 0 0 2 0 2 3 3 3 2 1 0 2 0 0 0 0 0 2 0 62
1 2 2 3 1 0 0 0 0 1 2 0 0 0 1 0 0 2 0 2 3 3 2 1 1 0 2 0 0 0 0 0 2 0 36
1 3 2 2 2 0 0 0 0 2 1 0 0 0 1 0 0 2 0 3 2 3 2 2 1 0 2 0 0 0 0 0 3 0 18
2 2 2 2 1 0 0 0 0 0 0 0 0 0 0 0 2 2 1 2 0 0 0 0 0 0 0 0 3 0 0 0 2 0 25
2 3 2 2 1 0 0 0 0 1 0 1 0 0 1 0 3 2 0 1 0 0 0 0 0 0 0 0 3 0 0 0 3 0 16
4 2 2 1 0 1 0 0 0 0 0 0 0 0 0 0 2 1 0 1 0 0 0 0 0 0 0 0 2 0 0 0 2 0 50
4 1 2 2 0 1 0 0 0 0 0 0 0 0 0 0 2 1 0 0 0 0 0 0 0 0 1 0 2 0 0 0 1 0 55
4 2 2 1 0 0 0 0 0 0 0 0 0 0 0 0 2 2 1 1 0 0 0 0 0 0 0 0 2 0 0 0 2 0 27
1 3 3 2 0 0 0 0 0 2 2 0 0 0 0 0 0 2 1 2 2 3 2 1 0 0 1 0 0 0 0 0 2 0 55
1 2 3 3 1 0 0 0 0 2 1 0 0 0 0 0 0 3 0 2 2 2 3 0 1 0 2 0 0 0 0 0 2 0 22
2 2 2 2 1 0 0 0 0 0 0 0 0 0 0 0 2 2 1 0 0 0 0 0 0 0 0 0 2 0 0 0 2 0 70
2 3 2 2 0 0 0 0 0 0 0 0 0 0 0 0 2 2 1 0 0 0 0 0 0 0 0 0 2 0 0 0 3 0 22
2 2 3 2 1 0 0 0 0 0 0 0 0 0 0 0 3 2 0 0 0 0 0 0 0 0 0 0 3 0 0 0 3 0 45
3 2 1 2 1 0 2 0 2 0 0 0 2 0 0 0 2 2 0 1 0 0 0 0 0 2 0 2 0 2 0 0 3 3 40
3 2 2 3 1 0 3 0 2 0 0 0 3 0 0 0 3 3 0 0 0 0 0 0 0 1 0 3 2 3 0 0 3 3 28
3 3 2 2 1 0 2 0 3 0 0 0 2 0 0 0 2 2 1 1 0 0 0 0 0 2 0 3 1 2 0 0 3 3 36
3 2 2 3 2 1 2 0 2 0 0 0 2 0 0 0 2 3 0 0 0 0 0 0 0 2 0 2 2 2 0 0 3 3 27
1 2 2 2 0 1 0 0 0 1 1 0 0 0 0 0 0 2 1 2 3 3 2 0 2 0 1 0 0 0 0 0 2 0 42
1 2 3 2 0 1 0 0 0 3 2 1 0 0 1 0 0 3 0 2 2 3 3 0 0 0 2 0 0 0 0 0 2 0 27
1 2 2 3 1 0 0 0 0 2 2 0 0 0 0 0 0 3 1 3 3 2 2 2 1 0 3 0 0 0 0 0 2 0 50
1 2 1 3 0 1 0 0 0 0 2 0 0 0 0 0 0 3 0 2 2 3 3 0 0 0 2 0 0 0 0 0 2 0 34
5 2 1 0 2 0 0 0 0 0 0 0 0 0 0 3 1 2 1 0 0 2 0 0 0 0 0 0 0 0 0 0 1 0 8
5 2 1 1 3 0 0 1 0 0 0 0 0 0 0 2 0 2 0 0 0 3 0 0 0 0 0 0 0 0 0 0 2 0 19
5 1 1 2 2 0 0 0 0 1 0 0 0 1 0 3 0 3 2 0 0 2 0 0 0 0 0 0 0 0 0 0 0 0 36
5 2 1 0 3 0 0 0 0 0 0 0 0 0 0 3 0 2 0 0 0 0 0 0 0 0 0 0 0 0 0 0 1 0 70
5 2 2 1 3 0 0 0 0 0 0 0 0 0 0 3 0 2 1 0 0 3 0 0 0 0 0 0 0 0 0 0 2 0 52
3 2 2 3 3 1 2 0 1 0 0 0 2 0 0 0 2 2 0 1 0 0 0 0 0 1 0 2 0 2 0 0 2 3 25
3 3 2 2 2 0 2 0 2 0 0 0 3 0 0 0 3 2 0 1 0 0 0 0 0 1 0 2 0 3 0 0 3 3 36
3 2 2 2 3 1 2 0 1 0 0 0 2 0 0 0 2 2 0 1 0 0 0 0 0 1 0 2 0 3 0 0 1 2 50
4 2 1 2 0 1 0 0 0 0 0 0 0 0 0 0 2 2 0 1 0 0 0 0 0 0 0 0 2 0 0 0 2 0 34
1 3 1 2 1 0 0 0 0 2 3 0 0 0 0 0 0 2 0 2 3 2 2 0 3 0 2 0 0 0 0 0 2 0 17
1 2 2 2 0 1 0 0 0 2 1 0 0 0 0 0 0 3 1 1 3 2 2 0 2 0 0 0 0 0 0 0 2 0 24
4 2 1 1 0 1 0 0 0 0 0 0 0 0 0 0 3 1 0 0 0 0 0 0 0 0 1 0 3 0 0 0 2 0 22
4 2 1 2 1 1 0 0 0 0 0 0 0 0 0 0 2 2 0 1 0 0 0 0 0 0 1 0 3 0 0 0 2 0 55
4 2 1 1 0 1 0 0 0 0 0 0 0 0 0 0 3 2 0 0 0 0 0 0 0 0 0 0 2 0 0 0 2 0 12
1 2 3 2 0 1 0 0 0 0 1 0 0 0 0 0 0 2 0 2 3 3 2 0 2 0 2 0 0 0 0 0 2 0 43
1 3 2 2 0 0 0 0 0 0 1 1 0 0 0 0 0 3 0 2 2 3 2 0 1 0 2 0 0 0 0 0 2 0 50
1 2 2 2 1 0 0 0 0 2 2 0 0 0 0 0 0 2 0 2 2 3 2 0 0 0 2 0 0 0 0 0 2 0 36
3 2 2 3 3 2 3 0 1 0 0 0 2 0 0 0 3 2 0 1 0 0 0 0 0 2 0 3 0 3 0 0 2 3 26
3 3 1 2 3 2 2 0 2 0 0 0 2 0 0 0 2 2 0 1 0 0 0 0 0 2 0 2 0 2 0 0 3 3 16
3 2 2 2 3 2 3 0 2 0 0 0 2 0 0 0 2 2 0 0 0 0 0 0 0 3 0 2 0 2 0 0 2 3 32
3 2 1 2 3 3 2 0 2 0 0 0 3 0 0 0 3 1 0 0 0 0 0 0 0 2 0 3 0 2 0 0 2 3 51
3 2 2 3 2 2 3 0 1 0 0 0 2 0 0 0 3 3 0 1 0 0 0 0 0 2 0 3 0 3 0 0 3 2 56
1 2 2 2 0 1 0 0 0 2 2 0 0 0 0 0 0 2 1 2 3 2 3 1 2 0 2 0 0 0 0 0 2 0 47
1 2 2 3 1 0 0 0 0 2 1 0 0 0 0 0 0 2 2 3 3 3 2 0 1 0 2 0 0 0 0 0 2 0 51
1 3 2 2 0 0 0 0 0 2 2 0 0 0 0 0 0 3 0 3 2 3 3 0 2 0 3 0 0 0 0 0 3 0 58
1 2 2 3 0 0 0 0 0 3 0 0 0 0 0 0 0 3 2 2 2 3 2 0 0 0 1 0 0 0 0 0 2 0 27
4 2 2 2 0 1 0 0 0 0 0 0 0 0 0 0 2 1 0 0 0 0 0 0 0 0 1 0 2 0 0 0 2 0 32
4 2 1 1 0 1 0 0 0 0 0 0 0 1 0 0 3 2 0 1 0 0 0 0 0 0 0 0 1 0 0 0 1 0 27
1 2 3 3 0 0 0 0 0 1 0 1 0 0 1 0 0 2 2 2 2 2 2 2 2 0 1 0 0 0 0 0 2 0 62
1 2 2 3 0 1 0 0 0 3 0 0 0 0 2 0 0 1 1 2 2 2 3 0 2 0 1 0 0 0 0 0 2 0 53
4 3 1 1 0 1 0 0 0 0 0 0 0 0 0 0 2 2 0 0 0 0 0 0 0 0 0 0 2 0 0 0 2 0 46
3 2 1 2 3 2 2 0 3 0 0 0 2 1 0 0 2 2 0 1 0 0 0 0 0 2 0 2 1 2 0 0 2 3 37
3 1 1 2 3 2 3 0 2 0 0 0 2 0 0 0 2 1 0 2 0 0 0 0 0 2 0 2 0 2 0 0 2 3 49
4 2 1 0 1 0 0 0 0 0 0 0 0 0 1 0 2 1 0 1 0 0 0 0 0 0 1 0 3 0 0 0 2 0 18
1 2 2 2 2 2 0 0 0 0 2 0 0 0 0 0 0 2 0 2 2 3 3 2 2 0 2 0 0 0 0 0 2 0 46
1 2 1 2 0 0 0 0 0 2 0 0 0 0 1 0 0 2 1 2 3 2 3 0 0 0 3 0 0 0 0 0 0 0 33
4 1 1 1 0 1 0 0 0 0 0 0 0 0 0 0 1 2 0 0 0 0 0 0 0 0 0 0 2 0 0 0 3 0 22
4 2 2 2 0 1 0 0 0 0 0 0 0 0 0 0 2 2 0 1 0 0 0 0 0 0 2 0 2 0 0 0 2 0 44
5 1 0 0 3 0 0 0 0 0 0 0 0 1 0 3 2 3 0 0 0 2 0 0 0 0 0 0 0 0 0 0 3 0 36
5 2 0 1 3 0 0 0 0 0 0 0 0 0 0 2 2 3 0 1 0 3 0 0 0 0 0 0 0 0 0 0 3 0 63
1 3 2 2 0 0 0 0 0 2 2 0 0 0 0 0 0 3 0 3 2 3 2 0 1 0 2 0 0 0 0 0 1 0 56
1 2 3 2 1 0 0 0 0 2 2 0 0 0 0 0 0 2 0 2 2 3 2 1 0 0 2 0 0 0 0 0 2 0 60
5 2 1 0 0 0 0 0 0 0 0 0 0 1 0 2 2 3 0 0 0 2 0 0 0 0 0 0 1 0 0 0 2 0 42
5 3 1 0 1 0 0 0 0 0 0 0 0 0 0 1 2 2 0 0 0 2 0 0 0 0 0 0 0 0 0 0 2 0 32
3 2 1 2 2 2 3 0 2 0 0 0 2 1 0 0 3 2 0 0 0 0 0 0 0 3 0 2 0 2 0 0 2 3 51
1 2 2 3 0 0 0 0 0 2 2 0 0 0 1 0 0 2 0 2 3 2 3 0 2 0 2 0 0 0 0 0 2 0 33
5 1 1 0 2 0 0 0 0 0 0 0 0 0 0 3 1 2 0 1 0 3 0 0 0 0 0 0 0 0 0 0 2 0 68
5 2 0 1 2 0 0 0 0 0 0 0 0 0 0 2 2 1 0 0 0 2 0 0 0 0 0 0 0 0 0 0 2 0 50
6 2 2 2 0 0 0 1 0 1 0 1 0 0 0 0 2 2 1 0 0 0 0 0 0 0 0 0 1 0 3 2 2 0 9
6 2 2 1 0 0 0 2 0 2 0 0 0 0 0 0 3 2 0 1 0 0 0 0 0 0 0 0 2 0 2 3 1 0 16
4 2 2 2 1 1 0 0 0 0 0 0 0 0 0 0 2 1 0 0 0 0 0 0 0 0 0 0 2 0 0 0 2 0 35
4 2 2 2 1 0 0 0 0 0 0 0 0 1 0 0 0 2 0 0 0 0 0 0 0 0 1 0 2 0 0 0 2 0 40
6 2 2 0 1 0 0 2 0 2 0 0 0 0 0 0 2 2 0 0 0 0 0 0 0 0 0 0 1 0 2 2 2 0 22
6 3 2 2 0 0 0 3 0 1 0 1 0 0 0 0 1 3 1 1 0 0 0 0 0 0 0 0 2 0 3 2 2 0 10
6 2 2 1 0 0 0 2 0 2 0 0 0 0 0 0 3 2 0 1 0 0 0 0 0 0 0 0 3 0 2 2 2 0 7
1 1 2 2 2 0 0 0 0 2 2 0 0 0 1 0 0 2 1 3 3 3 2 0 2 0 2 0 0 0 0 0 2 0 25
1 2 2 2 3 2 0 0 0 2 3 1 0 0 1 0 0 2 2 2 2 2 2 0 2 0 3 0 0 0 0 0 2 0 9
1 3 2 2 3 2 0 0 0 2 3 0 0 0 0 0 0 3 0 2 2 3 2 0 3 0 2 0 0 0 0 0 1 0 55
5 1 1 1 2 0 0 0 0 0 0 0 0 0 0 3 2 2 0 0 0 2 0 0 0 0 0 0 1 0 0 0 2 0 45
5 2 0 1 2 0 0 0 0 0 0 0 0 0 0 3 1 2 0 0 0 2 0 0 0 0 0 0 0 0 0 0 2 0 56
1 2 3 2 3 2 0 0 0 3 2 0 0 0 1 0 0 3 2 3 2 2 2 0 3 0 3 0 0 0 0 0 0 0 36
1 2 2 2 2 2 0 0 0 3 0 1 0 0 0 0 0 2 2 2 2 3 3 0 2 0 3 0 0 0 0 0 0 0 75
1 2 2 2 0 1 0 0 0 0 1 0 0 0 1 0 0 2 0 2 3 2 3 2 1 0 1 0 0 0 0 0 2 0 45
1 2 3 2 1 0 0 0 0 2 2 0 0 0 1 0 0 2 0 2 2 2 2 0 2 0 2 0 0 0 0 0 3 0 24
2 2 2 0 0 0 0 0 0 0 0 0 0 1 0 0 3 2 0 0 0 0 0 0 0 0 0 0 2 0 0 0 1 0 40
2 2 2 1 1 0 0 0 0 0 0 0 0 1 1 0 2 2 1 0 0 0 0 0 0 0 0 0 3 0 0 0 1 0 25
4 2 1 1 0 1 0 0 0 0 0 0 0 0 1 0 1 1 0 0 0 0 0 0 0 0 0 0 1 0 0 0 2 0 25
4 3 2 1 0 1 0 0 0 0 0 0 0 0 0 0 2 2 0 0 0 0 0 0 0 0 1 0 1 0 0 0 2 0 36
3 3 2 2 2 3 2 0 2 0 0 0 2 2 0 0 3 3 0 0 0 0 0 0 0 3 0 3 0 3 0 0 2 3 28
3 2 1 3 1 2 3 0 2 0 0 0 2 0 0 0 3 2 0 0 0 0 0 0 0 3 0 2 0 1 0 0 2 3 50
1 3 2 2 0 0 0 0 0 3 3 0 0 0 1 0 0 2 0 2 3 2 3 0 2 0 2 0 0 0 0 0 3 0 35
